5863 -2502
6247 -2509
6676 -2517
7160 -2527
7346 -2373
7350 -2136
7355 -1906
7359 -1680
7363 -1458
7368 -1241
7372 -1026
7376 -815
7380 -606
7384 -400
7388 -195
7392 8
7396 211
7399 414
7403 616
7407 818
7411 1021
7415 1225
7419 1430
7423 1637
7427 1846
7431 2057
7422 2268
6681 2282
6078 2294
5577 2304
5153 2312
4788 2319
4472 2325
4193 2330
3947 2335
3726 2339
3526 2343
3346 2346
3181 2350
2523 1987
2466 2030
2361 2032
2263 2034
2171 2035
2085 2037
2003 2039
1926 2040
1853 2041
1784 2043
1717 2044
1654 2045
1593 2046
1534 2047
1477 2049
1422 2050
1369 2051
1297 2007
1267 2053
1270 2185
1273 2341
1231 2387
1174 2388
1118 2389
1062 2390
1008 2391
954 2392
900 2393
847 2394
794 2395
741 2396
688 2397
636 2398
583 2399
530 2401
476 2402
423 2403
368 2404
314 2405
258 2406
202 2407
144 2408
86 2409
26 2410
-34 2411
-97 2413
-161 2414
-227 2415
-296 2416
-366 2418
-440 2419
-516 2421
-596 2422
-679 2424
-766 2425
-858 2427
-954 2429
-1056 2431
-1165 2433
-1280 2435
-1404 2438
