-6964,73 -2000,32
-7000,00 -2000,00
-6750,00 -1750,00
-6505,66 -1494,34
-6255,59 -1244,28
-6000,00 -1000,00
-5750,00 -750,00
-5500,00 -500,00
-5250,00 -500,00
-5000,00 -500,00
-4750,00 -500,00
-4500,00 -500,00
-4250,00 -500,00
-4000,00 -500,00
-3750,00 -500,00
-3500,00 -500,00
-3250,00 -500,00
-3000,00 -500,00
-2750,00 -500,00
-2500,00 -500,00
-2250,00 -500,00
-2000,00 -500,00
-1750,00 -500,00
-1500,00 -500,00
-1250,00 -500,00
-1000,00 -500,00
-750,00 -500,00
-500,00 -500,00
-250,00 -500,00
0,00 -500,00
250,00 -500,00
500,00 -500,00
750,00 -500,00
1000,00 -500,00
1250,00 -500,00
1500,00 -500,00
1750,00 -500,00
2250,00 -250,00
