-6967 -2400
-6950 -2400
-6932 -2401
-6915 -2401
-6897 -2402
-6879 -2402
-6860 -2403
-6841 -2403
-6821 -2404
-6801 -2404
-6781 -2405
-6759 -2405
-6737 -2406
-6715 -2406
-6691 -2407
-6666 -2408
-6641 -2408
-6614 -2409
-6586 -2410
-6556 -2410
-6524 -2411
-6491 -2412
-6456 -2413
-6418 -2414
-6377 -2415
-6333 -2416
-6286 -2417
-6234 -2419
-6178 -2420
-6116 -2422
-6047 -2423
-5970 -2425
-5884 -2428
-5785 -2430
-5672 -2433
-5541 -2436
-5386 -2440
-5199 -2445
-4971 -2451
-4685 -2458
-4313 -2468
-3812 -2481
-3095 -2499
-2510 -2457
-2507 -2319
-2503 -2182
7390 -2481
7401 -2048
7412 -1614
7424 -1179
7435 -743
7446 -303
7457 139
7469 586
7480 1038
7492 1497
7504 1963
6244 2063
5003 2094
3956 2121
-653 679
-1089 716
-1526 727
-1859 764
-1854 965
-39 2223
-482 2235
-886 2245
-1256 2255
-1598 2263
-1915 2271
-2211 2279
-2487 2286
-2747 2293
-2991 2299
-3222 2305
-3442 2310
-3650 2316
-3850 2321
-4040 2326
-4223 2330
-4400 2335
-4570 2339
-4734 2343
-4893 2348
-5048 2352
-5199 2355
-5346 2359
-5490 2363
-5630 2366
-5769 2370
-5905 2373
-6039 2377
-6171 2380
-6302 2384
-6432 2387
-6560 2390
-6688 2394
-6816 2397
-6943 2400
